# 有馬記念

```
                 1着        2着        3着        4着        5着       その他
アカイイト      0.160680  0.185728  0.163154  0.180309  0.177555  0.132574
イズジョーノキセキ  0.157205  0.175893  0.218612  0.169116  0.198886  0.080288
ボルドグフーシュ   0.318746  0.210441  0.173204  0.136870  0.121990  0.038750
アリストテレス    0.213555  0.210511  0.168746  0.179861  0.170681  0.056646
ジェラルディーナ   0.233155  0.184840  0.187118  0.195276  0.142118  0.057493
ヴェラアズール    0.199316  0.183202  0.229376  0.164412  0.141180  0.082514
エフフォーリア    0.212425  0.183874  0.179495  0.193451  0.143692  0.087062
ウインマイティー   0.112882  0.213858  0.179217  0.187223  0.188677  0.118144
イクイノックス    0.436366  0.221910  0.148126  0.085726  0.085919  0.021952
ジャスティンパレス  0.195616  0.160852  0.185403  0.179681  0.190314  0.088134
ラストドラフト    0.118376  0.164687  0.142211  0.215656  0.233401  0.125668
ポタジェ       0.160447  0.206320  0.160983  0.189946  0.176239  0.106065
タイトルホルダー   0.198831  0.166821  0.181394  0.171166  0.178079  0.103710
ボッケリーニ     0.129621  0.221646  0.186247  0.177925  0.194851  0.089710
ブレークアップ    0.222843  0.266405  0.177909  0.159484  0.127617  0.045742
ディープボンド    0.274525  0.197979  0.192018  0.179436  0.105563  0.050479
```

1着の上位3馬で3連複  
イクイノックス - ボルドグフーシュ - ディープボンド

## 結果
|着順|馬名|1着|2着|3着|4着|5着|その他|
|-|-|-|-|-|-|-|-|
|<b>1|<b>イクイノックス|<b>0.436366|0.22191|0.148126|0.085726|0.085919|0.021952|
|<b>2|<b>ボルドグフーシュ|<b>0.318746|0.210441|0.173204|0.13687|0.12199|0.03875|
|8|ディープボンド|0.274525|0.197979|0.192018|0.179436|0.105563|0.050479|
|<b>3|<b>ジェラルディーナ|<b>0.233155|0.18484|0.187118|0.195276|0.142118|0.057493|
|16|ブレークアップ|0.222843|0.266405|0.177909|0.159484|0.127617|0.045742|
|14|アリストテレス|0.213555|0.210511|0.168746|0.179861|0.170681|0.056646|
|5|エフフォーリア|0.212425|0.183874|0.179495|0.193451|0.143692|0.087062|
|10|ヴェラアズール|0.199316|0.183202|0.229376|0.164412|0.14118|0.082514|
|9|タイトルホルダー|0.198831|0.166821|0.181394|0.171166|0.178079|0.10371|
|7|ジャスティンパレス|0.195616|0.160852|0.185403|0.179681|0.190314|0.088134|
|15|アカイイト|0.16068|0.185728|0.163154|0.180309|0.177555|0.132574|
|12|ポタジェ|0.160447|0.20632|0.160983|0.189946|0.176239|0.106065|
|4|イズジョーノキセキ|0.157205|0.175893|0.218612|0.169116|0.198886|0.080288|
|11|ボッケリーニ|0.129621|0.221646|0.186247|0.177925|0.194851|0.08971|
|13|ラストドラフト|0.118376|0.164687|0.142211|0.215656|0.233401|0.125668|
|6|ウインマイティー|0.112882|0.213858|0.179217|0.187223|0.188677|0.118144|

勝てはしなかったもののそこそこいい結果が出た  
